// blank
00000
00000
00000
00000
00000

// 
01010
00000
00100
10001
01110

// 
01010
00000
00000
01110
10001

// 
11011
11111
11111
01110
00100

// blank
00000
00000
00000
00000
00000

// 
01000
10100
01000
11100
00000

// 
00100
01110
01110
00100
01110

// 
11100
11100
11100
00000
00000

// blank
00000
00000
00000
00000
00000

// 
01000
10100
01000
00000
00000

// blank
00000
00000
00000
00000
00000

// 
01111
00111
11111
10101
11100

// blank
00000
00000
00000
00000
00000

// blank
00000
00000
00000
00000
00000

// 
11110
01010
01010
01010
10100

// 
10101
01110
11011
01110
10101

// 
00100
00110
00111
00110
00100

// 
00100
01100
11100
01100
00100

// 
00100
01110
00100
01110
00100

// 
01010
01010
01010
00000
01010

// 
00110
11010
01010
01010
01010

// 
00000
00000
00000
00000
00000

// 
11111
11111
00000
00000
00000

// blank
00000
00000
00000
00000
00000

// 
00100
01110
10101
00100
00100

// 
00100
00100
10101
01110
00100

// 
00100
00010
11111
00010
00100

// 
00100
01000
11111
01000
00100

// 
10000
10000
11110
00000
00000

// blank
00000
00000
00000
00000
00000

// 
00100
01110
11111
00000
00000

// 
11111
01110
00100
00000
00000

// 
00000
00000
00000
00000
00000

//  !
00100
00100
00100
00000
00100

//  "
10100
10100
00000
00000
00000

//  #
01010
11111
01010
11111
01010

//  $
11111
10100
11111
00101
11111

//  %
10001
00010
00100
01000
10001

//  &
01100
10010
01101
10010
01101

//  '
01000
10000
00000
00000
00000

//  (
00010
00100
00100
00100
00010

//  )
01000
00100
00100
00100
01000

//  *
10101
01110
11111
01110
10101

//  +
01000
11100
01000
00000
00000

//  
01000
10000
00000
00000
00000

//  -
11100
00000
00000
00000
00000

//  .
10000
00000
00000
00000
00000

//  /
00010
00100
00100
00100
01000

//  0
01110
10011
10101
11001
01110

//  1
00100
01100
00100
00100
01110

//  2
01110
00010
01110
01000
01110

//  3
01110
00010
00110
00010
01110

//  4
01000
01000
01010
01110
00010

//  5
01110
01000
01110
00010
01110

//  6
01100
01000
01110
01010
01110

//  7
01110
00010
00110
00010
00010

//  8
01110
01010
01110
01010
01110

//  9
01110
01010
01110
00010
01110

//  :
10000
00000
10000
00000
00000

//  ;
01000
00000
01000
10000
00000

//  <
00010
00100
01000
00100
00010

//  =
11100
00000
11100
00000
00000

//  >
01000
00100
00010
00100
01000

//  ?
01110
10001
00110
00000
00100

//  @
01110
10010
10100
10000
01110

//  A
01100
10010
10001
11111
10001

//  B
11100
10010
11110
10001
11110

//  C
01110
10001
10000
10001
01110

//  D
11110
10011
10001
10001
11110

//  E
11111
10000
11110
10000
11111

//  F
11111
10000
11110
10000
10000

//  G
01110
10000
10011
10001
01110

//  H
10010
10001
11111
10001
10001

//  I
01110
00100
00100
00100
01110

//  J
00110
00010
00010
01010
01110

//  K
10010
10100
11000
10100
10010

//  L
10000
10000
10000
10000
11110

//  M
10001
11011
10101
10001
10001

//  N
10001
11001
10101
10011
10001

//  O
01110
10011
10001
10001
01110

//  P
11100
10010
11100
10000
10000

//  Q
01110
10001
10001
10011
01111

//  R
11100
10010
11100
10100
10010

//  S
01111
10000
01110
00001
11110

//  T
11111
00100
00100
00100
00100

//  U
10010
10001
10001
10001
01110

//  V
01010
01010
01010
01010
00100

//  W
10010
10001
10101
10101
01010

//  X
10001
01010
00100
01010
10001

//  Y
10001
01010
00100
00100
00100

//  Z
11111
00010
00100
01000
11111

//  [
00110
00100
00100
00100
00110

//  "\"
01000
00100
00100
00100
00010

//  ]
01100
00100
00100
00100
01100

//  ^
01000
10100
00000
00000
00000

//  _
11100
00000
00000
00000
00000

//  `
10000
01000
00000
00000
00000

//  a
01100
10010
10001
11111
10001

//  b
11100
10010
11110
10001
11110

//  c
01110
10001
10000
10001
01110

//  d
11110
10011
10001
10001
11110

//  e
11111
10000
11110
10000
11111

//  f
11111
10000
11110
10000
10000

//  g
01110
10000
10011
10001
01110

//  h
10010
10001
11111
10001
10001

//  i
01110
00100
00100
00100
01110

//  j
00110
00010
00010
01010
01110

//  k
01001
01010
01100
01010
01001

//  l
10000
10000
10000
10000
11110

//  m
10001
11011
10101
10001
10001

//  n
10001
11001
10101
10011
10001

//  o
01110
10011
10001
10001
01110

//  p
11100
10010
11100
10000
10000

//  q
01110
10001
10001
10011
01111

//  r
11100
10010
11100
10100
10010

//  s
01111
10000
01110
00001
11110

//  t
11111
00100
00100
00100
00100

//  u
10010
10001
10001
10001
01110

//  v
01010
01010
01010
01010
00100

//  w
10010
10001
10101
10101
01010

//  x
10001
01010
00100
01010
10001

//  y
10001
01010
00100
00100
00100

//  z
11111
00010
00100
01000
11111

//  {
00110
00100
01000
00100
00110

//  |
00100
00100
00100
00100
00100

//  }
01100
00100
00010
00100
01100

//  ~
01010
10100
00000
00000
00000

// 
01000
10100
10100
11100
00000

// blank
00000
00000
00000
00000
00000

// blank
00000
00000
00000
00000
00000

// blank
00000
00000
00000
00000
00000

// blank
00000
00000
00000
00000
00000

// blank
00000
00000
00000
00000
00000

// blank
00000
00000
00000
00000
00000

// blank
00000
00000
00000
00000
00000

// blank
00000
00000
00000
00000
00000

// blank
00000
00000
00000
00000
00000

// blank
00000
00000
00000
00000
00000

// blank
00000
00000
00000
00000
00000

// blank
00000
00000
00000
00000
00000

// blank
00000
00000
00000
00000
00000

// blank
00000
00000
00000
00000
00000

// blank
00000
00000
00000
00000
00000

// blank
00000
00000
00000
00000
00000

// blank
00000
00000
00000
00000
00000

// blank
00000
00000
00000
00000
00000

// blank
00000
00000
00000
00000
00000

// blank
00000
00000
00000
00000
00000

// blank
00000
00000
00000
00000
00000

// blank
00000
00000
00000
00000
00000

// blank
00000
00000
00000
00000
00000

// blank
00000
00000
00000
00000
00000

// blank
00000
00000
00000
00000
00000

// blank
00000
00000
00000
00000
00000

// blank
00000
00000
00000
00000
00000

// blank
00000
00000
00000
00000
00000

// blank
00000
00000
00000
00000
00000

// blank
00000
00000
00000
00000
00000

// blank
00000
00000
00000
00000
00000

// blank
00000
00000
00000
00000
00000

// blank
00000
00000
00000
00000
00000

// 
00100
00000
00100
00100
00100

// blank
00000
00000
00000
00000
00000

// blank
00000
00000
00000
00000
00000

// blank
00000
00000
00000
00000
00000

// blank
00000
00000
00000
00000
00000

// blank
00000
00000
00000
00000
00000

// blank
00000
00000
00000
00000
00000

// blank
00000
00000
00000
00000
00000

// blank
00000
00000
00000
00000
00000

// blank
00000
00000
00000
00000
00000

// 
00100
01001
10010
01001
00100

// 
11100
00100
00100
00000
00000

// blank
00000
00000
00000
00000
00000

// blank
00000
00000
00000
00000
00000

// blank
00000
00000
00000
00000
00000

// blank
00000
00000
00000
00000
00000

// 
00100
01110
00100
00000
01110

// blank
00000
00000
00000
00000
00000

// blank
00000
00000
00000
00000
00000

// blank
00000
00000
00000
00000
00000

// blank
00000
00000
00000
00000
00000

// blank
00000
00000
00000
00000
00000

// 
10000
00000
00000
00000
00000

// blank
00000
00000
00000
00000
00000

// blank
00000
00000
00000
00000
00000

// blank
00000
00000
00000
00000
00000

// 
00100
10010
01001
10010
00100

// blank
00000
00000
00000
00000
00000

// blank
00000
00000
00000
00000
00000

// blank
00000
00000
00000
00000
00000

// 
00100
00000
01100
10001
01110

// blank
00000
00000
00000
00000
00000

// blank
00000
00000
00000
00000
00000

// blank
00000
00000
00000
00000
00000

// blank
00000
00000
00000
00000
00000

// 
01010
00000
01110
01010
01111

// blank
00000
00000
00000
00000
00000

// blank
00000
00000
00000
00000
00000

// blank
00000
00000
00000
00000
00000

// blank
00000
00000
00000
00000
00000

// blank
00000
00000
00000
00000
00000

// blank
00000
00000
00000
00000
00000

// blank
00000
00000
00000
00000
00000

// blank
00000
00000
00000
00000
00000

// blank
00000
00000
00000
00000
00000

// blank
00000
00000
00000
00000
00000

// blank
00000
00000
00000
00000
00000

// blank
00000
00000
00000
00000
00000

// blank
00000
00000
00000
00000
00000

// blank
00000
00000
00000
00000
00000

// blank
00000
00000
00000
00000
00000

// blank
00000
00000
00000
00000
00000

// blank
00000
00000
00000
00000
00000

// 
01010
00000
01110
01010
01110

// blank
00000
00000
00000
00000
00000

// blank
00000
00000
00000
00000
00000

// blank
00000
00000
00000
00000
00000

// blank
00000
00000
00000
00000
00000

// blank
00000
00000
00000
00000
00000

// 
01010
00000
01010
01010
01110

// blank
00000
00000
00000
00000
00000

// blank
00000
00000
00000
00000
00000

// 
01100
10010
10110
10001
10110

// blank
00000
00000
00000
00000
00000

// blank
00000
00000
00000
00000
00000

// blank
00000
00000
00000
00000
00000

// blank
00000
00000
00000
00000
00000

// 
01010
00000
01110
01010
01111

// blank
00000
00000
00000
00000
00000

// blank
00000
00000
00000
00000
00000

// blank
00000
00000
00000
00000
00000

// blank
00000
00000
00000
00000
00000

// blank
00000
00000
00000
00000
00000

// blank
00000
00000
00000
00000
00000

// blank
00000
00000
00000
00000
00000

// blank
00000
00000
00000
00000
00000

// blank
00000
00000
00000
00000
00000

// blank
00000
00000
00000
00000
00000

// blank
00000
00000
00000
00000
00000

// blank
00000
00000
00000
00000
00000

// blank
00000
00000
00000
00000
00000

// blank
00000
00000
00000
00000
00000

// blank
00000
00000
00000
00000
00000

// blank
00000
00000
00000
00000
00000

// blank
00000
00000
00000
00000
00000

// 
01010
00000
01110
01010
01110

// 
00100
00000
01110
00000
00100

// blank
00000
00000
00000
00000
00000

// blank
00000
00000
00000
00000
00000

// blank
00000
00000
00000
00000
00000

// blank
00000
00000
00000
00000
00000

// 
01010
00000
01010
01010
01110

// blank
00000
00000
00000
00000
00000

// blank
00000
00000
00000
00000
00000

// blank
00000
00000
00000
00000
00000

